$ 1 0.000005 3.3115451958692312 56 5 50 5e-11
w 320 96 352 96 0
w 656 608 656 480 3
w 656 416 656 320 3
r 816 144 816 96 0 10000
r 656 160 656 96 0 10500
f 720 304 816 304 32 1.2 0.03
w 816 208 816 288 0
w 816 320 816 432 0
w 320 816 976 800 0
w 656 240 656 320 3
w 352 96 656 96 3
f 816 208 976 208 32 1.2 0.03
w 976 160 976 192 0
s 432 672 512 672 0 0 false
w 320 96 304 96 0
w 720 304 656 320 0
w 816 176 816 208 3
w 656 96 816 96 0
w 656 320 880 544 3
r 656 480 656 416 0 1000
g 400 640 368 688 0 0
g 1264 416 1264 496 0 0
l 1200 416 1264 416 0 0.000001 0.000003669976792170199 0
g 976 896 976 912 0 0
w 976 224 1072 224 3
f 944 608 976 608 32 1.2 0.03
w 976 272 912 272 0
c 1200 416 1072 416 0 0.000019999999999999998 -10.781241360030537 0.001
w 1072 224 1072 416 0
g 320 816 256 816 0 0
w 976 592 1072 416 3
w 816 432 816 640 0
w 976 624 976 800 3
c 304 96 320 752 0 0.000001 12 0.001
w 816 176 816 144 0
w 976 160 976 96 3
g 816 640 832 656 0 0
r 320 752 320 816 0 0.001
w 880 544 944 608 3
b 343 592 666 726 0
x 396 582 476 585 4 24 ws2811
w 976 16 976 96 0
R 304 32 304 -32 0 0 40 12 0 0 0.5
r 656 160 656 240 0 10000
w 304 32 304 96 0
R 976 16 880 -48 0 0 40 12 0 0 0.5
162 656 608 656 672 2 default-led 1 0 0 0.0185
w 512 672 656 672 3
i 432 672 400 640 0 0.0185
g 400 944 368 992 0 0
o 22 64 0 4865 5 0.0001953125 0 2 22 3
o 19 64 0 4865 5 0.025 1 2 19 3
o 11 64 0 4865 5 0.0001953125 2 2 11 3
o 22 64 0 4865 5 0.0001953125 3 2 22 3
